0
0
0
0
0
0
0
0
0
8
12
16
20
24
28
32
36
41
44
48
52
56
60
63
67
71
74
78
81
85
88
92
95
98
101
104
107
110
113
115
118
121
123
125
127
130
132
134
136
138
139
141
143
144
145
146
147
148
149
150
150
151
151
152
152
152
152
152
152
151
151
150
149
149
147
147
145
144
143
141
140
138
136
135
132
130
129
126
124
121
119
116
113
111
108
105
102
99
96
92
89
86
82
79
75
72
69
64
61
57
53
49
45
42
37
33
30
25
21
17
13
9
5
1
-4
-7
-11
-16
-20
-24
-28
-32
-36
-40
-44
-48
-52
-56
-59
-64
-67
-71
-74
-78
-82
-85
-89
-92
-95
-98
-101
-104
-107
-110
-113
-116
-119
-121
-123
-126
-128
-130
-132
-134
-136
-138
-140
-142
-143
-145
-146
-147
-148
-149
-150
-151
-151
-152
-152
-153
-153
-153
-153
-153
-153
-152
-152
-151
-151
-150
-149
-148
-147
-146
-144
-143
-141
-140
-138
-136
-134
-132
-130
-128
-125
-123
-120
-118
-115
-113
-110
-107
-104
-100
-98
-95
-91
-88
-84
-81
-78
-74
-70
-66
-63
-59
-55
-51
-47
-44
-40
-35
-32
-27
-23
-20
-15
-11
-6
-3
1
5
9
14
18
21
26
30
34
38
42
46
49
54
57
61
65
69
73
76
80
83
86
90
93
97
99
102
106
108
112
114
116
119
122
124
127
129
131
133
135
137
138
140
141
143
144
145
147
148
149
150
150
151
151
152
152
152
152
152
152
151
151
150
150
149
148
147
146
145
144
142
141
139
138
135
134
132
129
127
125
123
120
118
115
112
109
106
103
101
97
94
91
88
85
81
77
73
70
67
63
59
55
51
48
43
40
35
31
28
23
20
15
11
8
3
-1
-6
-9
-13
-18
-21
-26
-30
-33
-38
-42
-46
-50
-53
-58
-61
-65
-69
-72
-76
-79
-83
-86
-89
-93
-96
-100
-102
-106
-109
-111
-114
-117
-120
-122
-124
-127
-129
-131
-133
-135
-137
-139
-141
-142
-144
-145
-146
-148
-148
-149
-150
-151
-152
-152
-152
-153
-153
-153
-153
-153
-152
-152
-151
-151
-150
-149
-148
-147
-146
-145
-144
-142
-140
-139
-137
-135
-133
-131
-129
-127
-124
-122
-119
-117
-114
-111
-109
-105
-102
-99
-96
-93
-89
-86
-82
-79
-76
-72
-69
-64
-61
-58
-53
-50
-45
-42
-38
-33
-30
-25
-21
-18
-13
-9
-5
-1
3
8
11
16
20
23
28
31
36
40
43
48
51
56
59
63
67
70
74
77
81
85
88
92
94
97
101
103
107
109
112
115
118
121
123
125
127
129
132
134
136
138
139
141
142
144
145
146
147
148
149
150
150
151
151
152
152
152
152
152
152
151
151
150
150
149
148
147
145
144
143
141
140
138
137
135
133
131
129
127
124
122
119
116
114
111
108
106
102
99
96
93
90
86
83
79
76
72
69
65
61
57
53
49
46
42
38
33
30
26
21
18
13
9
5
1
-3
-7
-11
-15
-20
-23
-28
-32
-35
-40
-44
-48
-51
-55
-59
-63
-67
-70
-74
-78
-81
-85
-88
-91
-95
-98
-101
-104
-107
-110
-113
-116
-118
-120
-123
-125
-128
-130
-132
-134
-136
-138
-140
-141
-143
-144
-146
-147
-148
-149
-150
-151
-151
-152
-152
-153
-153
-153
-153
-153
-153
-152
-152
-151
-151
-150
-149
-148
-147
-146
-145
-143
-142
-140
-138
-136
-134
-132
-130
-128
-126
-123
-121
-118
-116
-113
-110
-107
-104
-101
-98
-95
-92
-88
-85
-82
-78
-74
-70
-67
-64
-59
-56
-51
-48
-44
-40
-36
-32
-28
-23
-20
-16
-11
-7
-3
1
5
9
13
18
21
25
30
33
38
42
45
49
53
57
61
64
69
72
76
79
82
86
89
93
96
99
102
105
108
111
113
116
119
122
124
126
129
130
133
135
136
138
140
141
143
144
145
147
148
149
149
150
151
151
152
152
152
152
152
152
151
151
150
150
149
148
147
146
145
144
142
141
139
138
136
134
132
130
127
125
123
121
118
115
113
109
107
104
101
98
94
92
88
85
81
77
74
71
67
63
59
56
52
48
44
40
36
32
28
24
20
16
12
8
4
-1
-5
-9
-13
-17
-21
-25
-30
-33
-37
-42
-45
-50
-53
-57
-61
-64
-69
-72
-75
-79
-82
-86
-89
-93
-96
-99
-102
-105
-108
-111
-114
-117
-119
-122
-124
-126
-129
-131
-133
-135
-137
-139
-140
-142
-144
-145
-146
-147
-148
-149
-150
-151
-151
-152
-152
-153
-153
-153
-153
-153
-153
-152
-152
-151
-150
-150
-148
-148
-146
-145
-144
-142
-141
-139
-137
-136
-133
-131
-129
-127
-125
-122
-120
-117
-114
-112
-109
-106
-102
-100
-97
-93
-90
-86
-83
-80
-76
-73
-69
-65
-62
-58
-54
-50
-46
-43
-38
-34
-30
-26
-22
-18
-14
-9
-6
-2
3
6
11
15
19
23
27
31
35
40
43
47
51
55
59
63
66
70
73
77
81
84
88
91
94
97
100
103
106
109
112
115
118
120
123
125
127
129
131
134
135
137
139
141
142
144
145
146
147
148
149
150
150
151
151
152
152
152
152
152
152
151
151
150
150
149
148
147
146
144
143
141
140
139
137
135
133
131
129
127
124
122
119
117
114
112
108
106
103
99
97
93
90
87
83
80
76
73
69
65
62
57
54
50
46
43
38
34
31
26
22
18
14
10
5
2
-3
-6
-10
-15
-19
-23
-27
-31
-35
-39
-44
-47
-50
-55
-58
-63
-66
-70
-74
-77
-81
-84
-88
-91
-94
-98
-100
-104
-107
-109
-113
-115
-118
-120
-123
-125
-128
-130
-132
-134
-136
-138
-140
-141
-142
-144
-145
-147
-148
-149
-150
-151
-151
-152
-152
-153
-153
-153
-153
-153
-153
-152
-152
-151
-151
-150
-149
-148
-147
-146
-145
-143
-142
-140
-139
-136
-135
-132
-130
-128
-126
-124
-121
-119
-116
-113
-110
-107
-104
-101
-98
-95
-92
-89
-85
-82
-78
-74
-71
-67
-64
-60
-56
-52
-48
-44
-41
-36
-32
-28
-24
-21
-16
-12
-7
-4
0
5
8
13
17
20
25
29
33
37
41
45
49
53
57
60
64
68
72
75
78
82
85
89
92
96
99
101
105
108
111
113
116
119
121
124
126
128
130
132
135
136
138
140
141
143
144
145
147
147
149
149
150
151
151
152
152
152
152
152
152
151
151
150
150
149
148
147
146
145
144
143
141
139
138
136
134
132
130
128
125
123
121
118
116
113
110
108
104
101
98
95
92
88
85
81
78
74
71
68
63
60
56
52
49
44
41
36
32
29
24
20
16
12
8
4
0
-5
-9
-12
-17
-21
-25
-29
-32
-37
-41
-45
-49
-52
-57
-60
-64
-68
-71
-75
-78
-82
-86
-89
-93
-95
-99
-102
-104
-108
-110
-114
-116
-119
-122
-124
-126
-128
-131
-133
-135
-137
-139
-140
-142
-143
-145
-146
-147
-148
-149
-150
-151
-151
-152
-152
-153
-153
-153
-153
-153
-153
-152
-152
-151
-151
-150
-149
-148
-146
-145
-144
-142
-141
-139
-138
-136
-134
-131
-130
-128
-125
-123
-120
-117
-115
-112
-109
-106
-103
-100
-97
-94
-90
-87
-84
-80
-77
-73
-70
-65
-62
-58
-54
-50
-46
-43
-39
-34
-31
-26
-22
-19
-14
-10
-6
-2
2
6
10
15
19
22
27
31
35
39
43
47
50
55
58
62
66
69
73
77
80
84
87
91
94
97
100
103
106
109
112
115
117
120
122
124
127
129
131
133
135
137
139
141
142
144
145
146
147
148
149
150
150
151
151
152
152
152
152
152
152
151
151
150
150
149
148
147
146
145
143
142
141
139
137
135
133
131
129
127
124
122
120
117
115
112
109
106
103
100
97
94
91
87
84
80
77
73
69
66
62
58
55
50
47
43
39
34
31
27
22
19
14
10
6
2
-2
-6
-10
-14
-19
-22
-27
-31
-34
-39
-43
-47
-50
-54
-58
-62
-66
-70
-73
-77
-80
-84
-87
-90
-94
-97
-100
-103
-106
-109
-112
-115
-117
-120
-123
-125
-128
-130
-131
-134
-136
-138
-139
-141
-142
-144
-145
-146
-148
-149
-150
-151
-151
-152
-152
-153
-153
-153
-153
-153
-153
-152
-152
-151
-151
-150
-149
-148
-147
-146
-145
-143
-142
-140
-139
-137
-135
-133
-130
-128
-126
-124
-122
-119
-116
-114
-110
-108
-104
-102
-99
-95
-93
-89
-86
-82
-78
-75
-71
-68
-64
-60
-57
-52
-49
-45
-41
-37
-32
-29
-25
-21
-17
-12
-9
-4
0
4
8
12
17
20
24
29
32
37
41
44
49
52
57
60
63
68
71
75
78
81
85
88
92
95
98
101
104
108
110
113
116
118
121
123
125
128
130
132
134
136
138
139
141
143
144
145
146
147
148
149
150
150
151
151
152
152
152
152
152
151
151
151
150
149
148
147
147
145
144
143
141
140
138
136
134
132
130
128
126
123
121
119
116
113
110
108
105
101
99
95
92
89
85
82
78
75
72
68
64
60
57
53
49
45
41
37
33
29
25
20
17
13
8
5
0
-4
-7
-12
-16
-21
-24
-29
-32
-36
-41
-44
-49
-52
-56
-60
-64
-68
-71
-74
-78
-82
-86
-89
-92
-95
-98
-102
-104
-107
-110
-113
-116
-119
-121
-124
-126
-128
-130
-132
-135
-136
-139
-140
-142
-143
-145
-146
-147
-148
-149
-150
-151
-151
-152
-152
-153
-153
-153
-153
-153
-153
-152
-152
-151
-151
-150
-149
-148
-146
-145
-144
-142
-141
-139
-138
-136
-134
-132
-130
-128
-125
-123
-120
-117
-115
-113
-109
-107
-103
-100
-98
-94
-91
-87
-84
-81
-77
-74
-70
-66
-63
-58
-55
-50
-47
-44
-39
-35
-31
-27
-23
-19
-15
-10
-6
-3
2
5
10
14
18
22
26
31
34
38
43
46
50
54
57
62
65
69
73
77
80
83
87
90
94
97
99
103
106
109
112
114
117
119
122
124
127
129
131
133
135
137
139
140
142
143
144
146
147
148
149
150
150
151
151
152
152
152
152
152
152
151
151
150
150
149
148
147
146
145
144
142
141
139
137
135
134
131
129
127
125
122
120
118
115
112
109
106
103
100
97
94
91
88
84
81
77
73
70
66
63
58
55
51
47
43
39
35
31
27
23
19
15
11
6
3
-2
-6
-9
-14
-18
-22
-26
-30
-34
-38
-43
-46
-50
-54
-58
-62
-65
-69
-73
-76
-80
-83
-86
-90
-93
-97
-100
-103
-106
-109
-112
-114
-117
-120
-122
-125
-127
-130
-131
-133
-136
-137
-139
-141
-142
-144
-145
-146
-148
-148
-150
-150
-151
-152
-152
-153
-153
-153
-153
-153
-153
-152
-152
-151
-151
-150
-149
-148
-147
-146
-145
-144
-142
-140
-139
-137
-135
-133
-131
-129
-126
-124
-122
-119
-117
-114
-111
-108
-105
-102
-99
-96
-93
-89
-86
-82
-79
-75
-72
-68
-64
-61
-57
-53
-49
-45
-42
-37
-33
-29
-25
-21
-17
-13
-9
-5
-1
4
8
12
16
20
24
28
32
36
40
44
48
52
56
59
63
67
71
74
77
81
85
88
92
94
98
101
104
107
109
113
115
118
121
123
125
127
130
132
134
136
138
139
141
143
144
145
146
147
148
149
150
150
151
151
152
152
152
152
152
152
151
151
150
149
149
148
147
145
144
143
141
140
138
136
135
133
130
129
126
124
122
119
116
113
111
108
105
102
99
96
93
89
86
82
79
75
72
69
64
61
57
53
49
45
42
37
33
30
25
21
17
13
9
5
1
-4
-7
-11
-16
-20
-24
-28
-32
-36
-40
-44
-48
-51
-56
-59
-64
-67
-70
-74
-78
-82
-85
-88
-92
-95
-98
-101
-104
-107
-110
-113
-116
-118
-121
-123
-126
-128
-130
-132
-134
-136
-138
-140
-142
-143
-145
-146
-147
-148
-149
-150
-151
-151
-152
-152
-153
-153
-153
-153
-153
-153
-152
-152
-151
-151
-150
-149
-148
-147
-146
-144
-143
-141
-140
-138
-136
-134
-132
-130
-128
-125
-123
-120
-118
-116
-113
-110
-107
-104
-101
-98
-95
-91
-88
-85
-81
-78
-74
-70
-67
-63
-59
-55
-51
-47
-44
-40
-35
-32
-27
-23
-20
-15
-11
-6
-3
1
5
9
14
18
21
26
30
34
38
42
46
49
54
57
61
65
69
73
76
79
83
86
90
93
96
99
102
106
108
111
114
116
119
122
124
127
129
131
133
135
137
138
140
141
143
144
145
147
148
149
150
150
151
151
152
152
152
152
152
152
151
151
150
150
149
148
147
146
145
144
142
141
139
138
135
134
132
129
127
125
123
121
118
115
112
109
107
103
101
97
94
92
88
85
81
77
74
70
67
63
59
56
51
48
43
40
36
31
28
23
20
15
11
8
3
-1
-6
-9
-13
-18
-21
-26
-30
-33
-38
-42
-46
-50
-53
-58
-61
-65
-69
-72
-76
-79
-83
-86
-89
-93
-96
-100
-102
-105
-109
-111
-114
-117
-119
-122
-124
-127
-129
-131
-133
-135
-137
-139
-140
-142
-144
-145
-146
-147
-148
-149
-150
-151
-151
-152
-152
-153
-153
-153
-153
-153
-152
-152
-151
-151
-150
-149
-148
-147
-146
-145
-144
-142
-140
-139
-137
-135
-133
-131
-129
-127
-124
-122
-119
-117
-114
-111
-109
-105
-102
-100
-96
-93
-89
-86
-83
-79
-76
-72
-69
-65
-61
-58
-53
-50
-46
-42
-38
-33
-30
-26
-21
-18
-13
-9
-6
-1
3
8
11
15
20
23
28
31
36
40
43
48
51
56
59
63
67
70
74
77
81
85
88
92
94
97
101
103
107
109
112
115
118
121
123
125
127
129
132
134
135
138
139
141
142
144
145
146
147
148
149
150
150
151
151
152
152
152
152
152
152
151
151
150
150
149
148
147
145
144
143
141
140
138
137
135
133
131
129
127
124
122
119
116
114
111
108
106
102
99
96
93
90
86
83
79
76
73
69
65
61
57
54
49
46
42
38
34
30
26
21
18
14
9
5
1
-3
-6
-11
-15
-20
-23
-27
-32
-35
-40
-44
-47
-51
-55
-59
-63
-67
-70
-74
-78
-81
-85
-88
-91
-95
-98
-101
-104
-107
-110
-113
-116
-118
-120
-123
-125
-128
-130
-132
-134
-136
-138
-140
-141
-143
-144
-146
-147
-148
-149
-150
-151
-151
-152
-152
-153
-153
-153
-153
-153
-153
-152
-152
-151
-151
-150
-149
-148
-147
-146
-145
-143
-142
-140
-138
-136
-134
-132
-130
-128
-126
-123
-121
-118
-116
-113
-110
-107
-104
-101
-98
-95
-92
-88
-85
-82
-78
-74
-70
-67
-64
-59
-56
-51
-48
-44
-40
-36
-32
-28
-24
-20
-16
-11
-7
-4
1
5
9
13
17
21
25
30
33
37
42
45
49
53
57
61
64
69
72
75
79
82
86
89
93
96
99
102
105
108
111
113
116
119
122
124
126
129
130
133
135
136
138
140
141
143
144
145
147
148
149
149
150
151
151
152
152
152
152
152
152
151
151
150
150
149
148
147
146
145
144
143
141
139
138
136
134
132
130
127
125
123
121
118
115
113
109
107
104
101
98
94
92
88
85
81
77
74
71
67
63
59
56
52
48
44
40
36
32
28
24
20
16
12
8
4
-1
-5
-9
-13
-17
-21
-25
-29
-33
-37
-42
-45
-49
-53
-57
-61
-64
-68
-72
-75
-79
-82
-86
-89
-93
-96
-99
-102
-105
-108
-111
-114
-117
-119
-122
-124
-126
-129
-131
-133
-135
-137
-139
-140
-142
-144
-145
-146
-147
-148
-149
-150
-151
-151
-152
-152
-153
-153
-153
-153
-153
-153
-152
-152
-151
-150
-150
-148
-148
-146
-145
-144
-142
-141
-139
-137
-136
-133
-131
-130
-127
-125
-122
-120
-117
-114
-112
-109
-106
-103
-100
-97
-93
-90
-86
-83
-80
-76
-73
-69
-65
-62
-58
-54
-50
-46
-43
-38
-34
-30
-26
-22
-18
-14
-9
-6
-2
3
6
11
15
19
23
27
31
35
39
43
47
51
55
58
63
66
70
73
77
81
84
88
91
94
97
100
103
106
109
112
115
118
120
122
125
127
129
131
134
135
137
139
141
142
144
145
146
147
148
149
150
150
151
151
152
152
152
152
152
152
151
151
150
150
149
148
147
146
