Sample in Buffer	Sample in Window	Output_Int
0	0	0	
1	1	21	
2	2	82	
3	3	224	
4	4	477	
5	5	875	
6	6	1436	
7	7	2154	
8	8	3001	
9	9	3932	
10	10	4893	
11	11	5828	
12	12	6687	
13	13	7430	
14	14	8030	
15	15	8474	
16	16	8763	
17	17	8909	
18	18	8933	
19	19	8861	
20	20	8722	
21	21	8544	
22	22	8352	
23	23	8167	
24	24	8005	
25	25	7876	
26	26	7785	
27	27	7732	
28	28	7714	
29	29	7725	
30	30	7758	
31	31	7805	
32	32	7859	
33	33	7914	
34	34	7965	
35	35	8008	
36	36	8041	
37	37	8063	
38	38	8074	
39	39	8075	
40	40	8068	
41	41	8055	
42	42	8038	
43	43	8019	
44	44	8000	
45	45	7983	
46	46	7969	
47	47	7959	
48	48	7953	
49	49	7951	
50	50	7953	
51	51	7958	
52	52	7965	
53	53	7973	
54	54	7981	
55	55	7988	
56	56	7993	
57	57	7996	
58	58	7997	
59	59	7996	
60	60	7993	
61	61	7989	
62	62	7985	
63	63	7982	
64	64	7980	
65	65	7979	
66	66	7979	
67	67	7980	
68	68	7982	
69	69	7985	
70	70	7989	
71	71	7994	
72	72	8000	
73	73	8006	
74	74	8011	
75	75	8014	
76	76	8015	
77	77	8014	
78	78	8011	
79	79	8006	
80	80	8000	
81	81	7994	
82	82	7989	
83	83	7986	
84	84	7985	
85	85	7986	
86	86	7989	
87	87	7993	
88	88	7997	
89	89	8000	
90	90	8002	
91	91	8003	
92	92	8003	
93	93	8002	
94	94	8000	
95	95	7997	
96	96	7993	
97	97	7988	
98	98	7983	
99	99	7979	
100	100	7977	
101	101	7977	
102	102	7979	
103	103	7983	
104	104	7988	
105	105	7993	
106	106	7997	
107	107	8000	
108	108	8002	
109	109	8003	
110	110	8003	
111	111	8002	
112	112	8000	
113	113	7997	
114	114	7993	
115	115	7988	
116	116	7983	
117	117	7979	
118	118	7977	
119	119	7977	
120	120	7979	
121	121	7983	
122	122	7988	
123	123	7993	
124	124	7997	
125	125	8000	
126	126	8002	
127	127	8003	
128	128	8003	
129	129	8002	
130	130	8000	
131	131	7997	
132	132	7993	
133	133	7988	
134	134	7983	
135	135	7979	
136	136	7977	
137	137	7977	
138	138	7979	
139	139	7983	
140	140	7988	
141	141	7993	
142	142	7997	
143	143	8000	
144	144	8002	
145	145	8003	
146	146	8003	
147	147	8002	
148	148	8000	
149	149	7997	
150	150	7993	
151	151	7988	
152	152	7983	
153	153	7979	
154	154	7977	
155	155	7977	
156	156	7979	
157	157	7983	
158	158	7988	
159	159	7993	
160	160	7997	
161	161	8000	
162	162	8002	
163	163	8003	
164	164	8003	
165	165	8002	
166	166	8000	
167	167	7997	
168	168	7993	
169	169	7988	
170	170	7983	
171	171	7979	
172	172	7977	
173	173	7977	
174	174	7979	
175	175	7983	
176	176	7988	
177	177	7993	
178	178	7997	
179	179	8000	
180	180	8002	
181	181	8003	
182	182	8003	
183	183	8002	
184	184	8000	
185	185	7997	
186	186	7993	
187	187	7988	
188	188	7983	
189	189	7979	
190	190	7977	
191	191	7977	
192	192	7979	
193	193	7983	
194	194	7988	
195	195	7993	
196	196	7997	
197	197	8000	
198	198	8002	
199	199	8003	
200	200	8003	
201	201	8002	
202	202	8000	
203	203	7997	
204	204	7993	
205	205	7988	
206	206	7983	
207	207	7979	
208	208	7977	
209	209	7977	
210	210	7979	
211	211	7983	
212	212	7988	
213	213	7993	
214	214	7997	
215	215	8000	
216	216	8002	
217	217	8003	
218	218	8003	
219	219	8002	
220	220	8000	
221	221	7997	
222	222	7993	
223	223	7988	
224	224	7983	
225	225	7979	
226	226	7977	
227	227	7977	
228	228	7979	
229	229	7983	
230	230	7988	
231	231	7993	
232	232	7997	
233	233	8000	
234	234	8002	
235	235	8003	
236	236	8003	
237	237	8002	
238	238	8000	
239	239	7997	
240	240	7993	
241	241	7988	
242	242	7983	
243	243	7979	
244	244	7977	
245	245	7977	
246	246	7979	
247	247	7983	
248	248	7988	
249	249	7993	
250	250	7997	
251	251	8000	
252	252	8002	
253	253	8003	
254	254	8003	
255	255	8002	
256	256	8000	
257	257	7997	
258	258	7993	
259	259	7988	
260	260	7983	
261	261	7979	
262	262	7977	
263	263	7977	
264	264	7979	
265	265	7983	
266	266	7988	
267	267	7993	
268	268	7997	
269	269	8000	
270	270	8002	
271	271	8003	
272	272	8003	
273	273	8002	
274	274	8000	
275	275	7997	
276	276	7993	
277	277	7988	
278	278	7983	
279	279	7979	
280	280	7977	
281	281	7977	
282	282	7979	
283	283	7983	
284	284	7988	
285	285	7993	
286	286	7997	
287	287	8000	
288	288	8002	
289	289	8003	
290	290	8003	
291	291	8002	
292	292	8000	
293	293	7997	
294	294	7993	
295	295	7988	
296	296	7983	
297	297	7979	
298	298	7977	
299	299	7977	
300	300	7979	
301	301	7983	
302	302	7988	
303	303	7993	
304	304	7997	
305	305	8000	
306	306	8002	
307	307	8003	
308	308	8003	
309	309	8002	
310	310	8000	
311	311	7997	
312	312	7993	
313	313	7988	
314	314	7983	
315	315	7979	
316	316	7977	
317	317	7977	
318	318	7979	
319	319	7983	
320	320	7988	
321	321	7993	
322	322	7997	
323	323	8000	
324	324	8002	
325	325	8003	
326	326	8003	
327	327	8002	
328	328	8000	
329	329	7997	
330	330	7993	
331	331	7988	
332	332	7983	
333	333	7979	
334	334	7977	
335	335	7977	
336	336	7979	
337	337	7983	
338	338	7988	
339	339	7993	
340	340	7997	
341	341	8000	
342	342	8002	
343	343	8003	
344	344	8003	
345	345	8002	
346	346	8000	
347	347	7997	
348	348	7993	
349	349	7988	
350	350	7983	
351	351	7979	
352	352	7977	
353	353	7977	
354	354	7979	
355	355	7983	
356	356	7988	
357	357	7993	
358	358	7997	
359	359	8000	
360	360	8002	
361	361	8003	
362	362	8003	
363	363	8002	
364	364	8000	
365	365	7997	
366	366	7993	
367	367	7988	
368	368	7983	
369	369	7979	
370	370	7977	
371	371	7977	
372	372	7979	
373	373	7983	
374	374	7988	
375	375	7993	
376	376	7997	
377	377	8000	
378	378	8002	
379	379	8003	
380	380	8003	
381	381	8002	
382	382	8000	
383	383	7997	
384	384	7993	
385	385	7988	
386	386	7983	
387	387	7979	
388	388	7977	
389	389	7977	
390	390	7979	
391	391	7983	
392	392	7988	
393	393	7993	
394	394	7997	
395	395	8000	
396	396	8002	
397	397	8003	
398	398	8003	
399	399	8002	
400	400	8000	
401	401	7997	
402	402	7993	
403	403	7988	
404	404	7983	
405	405	7979	
406	406	7977	
407	407	7977	
408	408	7979	
409	409	7983	
410	410	7988	
411	411	7993	
412	412	7997	
413	413	8000	
414	414	8002	
415	415	8003	
416	416	8003	
417	417	8002	
418	418	8000	
419	419	7997	
420	420	7993	
421	421	7988	
422	422	7983	
423	423	7979	
424	424	7977	
425	425	7977	
426	426	7979	
427	427	7983	
428	428	7988	
429	429	7993	
430	430	7997	
431	431	8000	
432	432	8002	
433	433	8003	
434	434	8003	
435	435	8002	
436	436	8000	
437	437	7997	
438	438	7993	
439	439	7988	
440	440	7983	
441	441	7979	
442	442	7977	
443	443	7977	
444	444	7979	
445	445	7983	
446	446	7988	
447	447	7993	
448	448	7997	
449	449	8000	
450	450	8002	
451	451	8003	
452	452	8003	
453	453	8002	
454	454	8000	
455	455	7997	
456	456	7993	
457	457	7988	
458	458	7983	
459	459	7979	
460	460	7977	
461	461	7977	
462	462	7979	
463	463	7983	
464	464	7988	
465	465	7993	
466	466	7997	
467	467	8000	
468	468	8002	
469	469	8003	
470	470	8003	
471	471	8002	
472	472	8000	
473	473	7997	
474	474	7993	
475	475	7988	
476	476	7983	
477	477	7979	
478	478	7977	
479	479	7977	
480	480	7979	
481	481	7983	
482	482	7988	
483	483	7993	
484	484	7997	
485	485	8000	
486	486	8002	
487	487	8003	
488	488	8003	
489	489	8002	
490	490	8000	
491	491	7997	
492	492	7993	
493	493	7988	
494	494	7983	
495	495	7979	
496	496	7977	
497	497	7977	
498	498	7979	
499	499	7983	
500	500	7988	
501	501	7993	
502	502	7997	
503	503	8000	
504	504	8002	
505	505	8003	
506	506	8003	
507	507	8002	
508	508	8000	
509	509	7997	
510	510	7993	
511	511	7988	
512	512	7983	
513	513	7979	
514	514	7977	
515	515	7977	
516	516	7979	
517	517	7983	
518	518	7988	
519	519	7993	
520	520	7997	
521	521	8000	
522	522	8002	
523	523	8003	
524	524	8003	
525	525	8002	
526	526	8000	
527	527	7997	
528	528	7993	
529	529	7988	
530	530	7983	
531	531	7979	
532	532	7977	
533	533	7977	
534	534	7979	
535	535	7983	
536	536	7988	
537	537	7993	
538	538	7997	
539	539	8000	
540	540	8002	
541	541	8003	
542	542	8003	
543	543	8002	
544	544	8000	
545	545	7997	
546	546	7993	
547	547	7988	
548	548	7983	
549	549	7979	
550	550	7977	
551	551	7977	
552	552	7979	
553	553	7983	
554	554	7988	
555	555	7993	
556	556	7997	
557	557	8000	
558	558	8002	
559	559	8003	
560	560	8003	
561	561	8002	
562	562	8000	
563	563	7997	
564	564	7993	
565	565	7988	
566	566	7983	
567	567	7979	
568	568	7977	
569	569	7977	
570	570	7979	
571	571	7983	
572	572	7988	
573	573	7993	
574	574	7997	
575	575	8000	
576	576	8002	
577	577	8003	
578	578	8003	
579	579	8002	
580	580	8000	
581	581	7997	
582	582	7993	
583	583	7988	
584	584	7983	
585	585	7979	
586	586	7977	
587	587	7977	
588	588	7979	
589	589	7983	
590	590	7988	
591	591	7993	
592	592	7997	
593	593	8000	
594	594	8002	
595	595	8003	
596	596	8003	
597	597	8002	
598	598	8000	
599	599	7997	
600	600	7993	
601	601	7988	
602	602	7983	
603	603	7979	
604	604	7977	
605	605	7977	
606	606	7979	
607	607	7983	
608	608	7988	
609	609	7993	
610	610	7997	
611	611	8000	
612	612	8002	
613	613	8003	
614	614	8003	
615	615	8002	
616	616	8000	
617	617	7997	
618	618	7993	
619	619	7988	
620	620	7983	
621	621	7979	
622	622	7977	
623	623	7977	
624	624	7979	
625	625	7983	
626	626	7988	
627	627	7993	
628	628	7997	
629	629	8000	
630	630	8002	
631	631	8003	
632	632	8003	
633	633	8002	
634	634	8000	
635	635	7997	
636	636	7993	
637	637	7988	
638	638	7983	
639	639	7979	
640	640	7977	
641	641	7977	
642	642	7979	
643	643	7983	
644	644	7988	
645	645	7993	
646	646	7997	
647	647	8000	
648	648	8002	
649	649	8003	
650	650	8003	
651	651	8002	
652	652	8000	
653	653	7997	
654	654	7993	
655	655	7988	
656	656	7983	
657	657	7979	
658	658	7977	
659	659	7977	
660	660	7979	
661	661	7983	
662	662	7988	
663	663	7993	
664	664	7997	
665	665	8000	
666	666	8002	
667	667	8003	
668	668	8003	
669	669	8002	
670	670	8000	
671	671	7997	
672	672	7993	
673	673	7988	
674	674	7983	
675	675	7979	
676	676	7977	
677	677	7977	
678	678	7979	
679	679	7983	
680	680	7988	
681	681	7993	
682	682	7997	
683	683	8000	
684	684	8002	
685	685	8003	
686	686	8003	
687	687	8002	
688	688	8000	
689	689	7997	
690	690	7993	
691	691	7988	
692	692	7983	
693	693	7979	
694	694	7977	
695	695	7977	
696	696	7979	
697	697	7983	
698	698	7988	
699	699	7993	
700	700	7997	
701	701	8000	
702	702	8002	
703	703	8003	
704	704	8003	
705	705	8002	
706	706	8000	
707	707	7997	
708	708	7993	
709	709	7988	
710	710	7983	
711	711	7979	
712	712	7977	
713	713	7977	
714	714	7979	
715	715	7983	
716	716	7988	
717	717	7993	
718	718	7997	
719	719	8000	
720	720	8002	
721	721	8003	
722	722	8003	
723	723	8002	
724	724	8000	
725	725	7997	
726	726	7993	
727	727	7988	
728	728	7983	
729	729	7979	
730	730	7977	
731	731	7977	
732	732	7979	
733	733	7983	
734	734	7988	
735	735	7993	
736	736	7997	
737	737	8000	
738	738	8002	
739	739	8003	
740	740	8003	
741	741	8002	
742	742	8000	
743	743	7997	
744	744	7993	
745	745	7988	
746	746	7983	
747	747	7979	
748	748	7977	
749	749	7977	
750	750	7979	
751	751	7983	
752	752	7988	
753	753	7993	
754	754	7997	
755	755	8000	
756	756	8002	
757	757	8003	
758	758	8003	
759	759	8002	
760	760	8000	
761	761	7997	
762	762	7993	
763	763	7988	
764	764	7983	
765	765	7979	
766	766	7977	
767	767	7977	
768	768	7979	
769	769	7983	
770	770	7988	
771	771	7993	
772	772	7997	
773	773	8000	
774	774	8002	
775	775	8003	
776	776	8003	
777	777	8002	
778	778	8000	
779	779	7997	
780	780	7993	
781	781	7988	
782	782	7983	
783	783	7979	
784	784	7977	
785	785	7977	
786	786	7979	
787	787	7983	
788	788	7988	
789	789	7993	
790	790	7997	
791	791	8000	
792	792	8002	
793	793	8003	
794	794	8003	
795	795	8002	
796	796	8000	
797	797	7997	
798	798	7993	
799	799	7988	
800	800	7983	
801	801	7979	
802	802	7977	
803	803	7977	
804	804	7979	
805	805	7983	
806	806	7988	
807	807	7993	
808	808	7997	
809	809	8000	
810	810	8002	
811	811	8003	
812	812	8003	
813	813	8002	
814	814	8000	
815	815	7997	
816	816	7993	
817	817	7988	
818	818	7983	
819	819	7979	
820	820	7977	
821	821	7977	
822	822	7979	
823	823	7983	
824	824	7988	
825	825	7993	
826	826	7997	
827	827	8000	
828	828	8002	
829	829	8003	
830	830	8003	
831	831	8002	
832	832	8000	
833	833	7997	
834	834	7993	
835	835	7988	
836	836	7983	
837	837	7979	
838	838	7977	
839	839	7977	
840	840	7979	
841	841	7983	
842	842	7988	
843	843	7993	
844	844	7997	
845	845	8000	
846	846	8002	
847	847	8003	
848	848	8003	
849	849	8002	
850	850	8000	
851	851	7997	
852	852	7993	
853	853	7988	
854	854	7983	
855	855	7979	
856	856	7977	
857	857	7977	
858	858	7979	
859	859	7983	
860	860	7988	
861	861	7993	
862	862	7997	
863	863	8000	
864	864	8002	
865	865	8003	
866	866	8003	
867	867	8002	
868	868	8000	
869	869	7997	
870	870	7993	
871	871	7988	
872	872	7983	
873	873	7979	
874	874	7977	
875	875	7977	
876	876	7979	
877	877	7983	
878	878	7988	
879	879	7993	
880	880	7997	
881	881	8000	
882	882	8002	
883	883	8003	
884	884	8003	
885	885	8002	
886	886	8000	
887	887	7997	
888	888	7993	
889	889	7988	
890	890	7983	
891	891	7979	
892	892	7977	
893	893	7977	
894	894	7979	
895	895	7983	
896	896	7988	
897	897	7993	
898	898	7997	
899	899	8000	
900	900	8002	
901	901	8003	
902	902	8003	
903	903	8002	
904	904	8000	
905	905	7997	
906	906	7993	
907	907	7988	
908	908	7983	
909	909	7979	
910	910	7977	
911	911	7977	
912	912	7979	
913	913	7983	
914	914	7988	
915	915	7993	
916	916	7997	
917	917	8000	
918	918	8002	
919	919	8003	
920	920	8003	
921	921	8002	
922	922	8000	
923	923	7997	
924	924	7993	
925	925	7988	
926	926	7983	
927	927	7979	
928	928	7977	
929	929	7977	
930	930	7979	
931	931	7983	
932	932	7988	
933	933	7993	
934	934	7997	
935	935	8000	
936	936	8002	
937	937	8003	
938	938	8003	
939	939	8002	
940	940	8000	
941	941	7997	
942	942	7993	
943	943	7988	
944	944	7983	
945	945	7979	
946	946	7977	
947	947	7977	
948	948	7979	
949	949	7983	
950	950	7988	
951	951	7993	
952	952	7997	
953	953	8000	
954	954	8002	
955	955	8003	
956	956	8003	
957	957	8002	
958	958	8000	
959	959	7997	
960	960	7993	
961	961	7988	
962	962	7983	
963	963	7979	
964	964	7977	
965	965	7977	
966	966	7979	
967	967	7983	
968	968	7988	
969	969	7993	
970	970	7997	
971	971	8000	
972	972	8002	
973	973	8003	
974	974	8003	
975	975	8002	
976	976	8000	
977	977	7997	
978	978	7993	
979	979	7988	
980	980	7983	
981	981	7979	
982	982	7977	
983	983	7977	
984	984	7979	
985	985	7983	
986	986	7988	
987	987	7993	
988	988	7997	
989	989	8000	
990	990	8002	
991	991	8003	
992	992	8003	
993	993	8002	
994	994	8000	
995	995	7997	
996	996	7993	
997	997	7988	
998	998	7983	
999	999	7979	
1000	1000	7977	
1001	1001	7977	
1002	1002	7979	
1003	1003	7983	
1004	1004	7988	
1005	1005	7993	
1006	1006	7997	
1007	1007	8000	
1008	1008	8002	
1009	1009	8003	
1010	1010	8003	
1011	1011	8002	
1012	1012	8000	
1013	1013	7997	
1014	1014	7993	
1015	1015	7988	
1016	1016	7983	
1017	1017	7979	
1018	1018	7977	
1019	1019	7977	
1020	1020	7979	
1021	1021	7983	
1022	1022	7988	
1023	1023	7993	
