505373
522219
510167
505158
508134
524757
516027
481609
514564
483943
516830
512734
506651
504650
499810
528106
513659
499241
491112
514846
510672
475490
504113
525017
497429
524502
519430
519871
495155
527955
508676
530651
504659
488289
506155
506932
508792
489231
517893
494787
514202
527743
494046
511305
523568
523803
508016
522735
498794
499954
498107
496092
538147
498715
509635
498724
538062
495859
498058
499665
498497
522478
507734
523980
523749
511011
493983
527596
514274
494441
517737
488967
508672
506709
506220
488356
505141
530594
508850
528208
494859
519997
519456
524506
497714
524948
504085
475583
511161
515030
491430
499397
513667
528073
499688
504347
506399
512605
516299
483830
514428
481747
515915
524621
508258
505141
509832
521849
505368
501633
503116
498123
493180
506612
504881
504816
515295
492279
684619
491940
515636
504905
504634
506679
493281
498358
503430
501882
