505897
522165
510133
504965
508277
524597
516393
481536
514545
483747
516794
513101
506694
504427
500214
528372
513635
499220
491267
514403
511102
475141
504496
524484
497412
524436
520065
519946
495247
528034
508740
530586
504639
488459
505623
506980
508593
489510
517340
494585
514314
527804
493883
511277
523265
523504
507893
523105
498740
499982
497946
496355
537986
499121
509330
499113
537494
496078
497487
499860
498091
522564
507659
524048
523497
511365
494259
527587
514369
494485
517177
489288
508553
506757
505672
488049
504764
530973
508356
528220
494983
520300
519721
524873
497538
525061
504158
475524
511624
514552
491459
499308
513907
527898
499860
504012
506403
512255
516593
483776
514641
481784
516182
524771
508372
505072
510399
521837
505773
501528
503249
497515
492918
506422
504882
504605
515182
492149
684540
492163
515662
505194
504745
506630
493387
498328
503405
502038
